 0.0000	  0.0000
 0.0000	  0.0000
 0.0250	  0.0000
 0.0500	  0.0000
 0.0750	  0.0000
 0.1000	  0.0000
 0.1250	  0.0026
 0.1500	  0.0026
 0.1750	  0.0026
 0.2000	  0.0052
 0.2250	  0.0052
 0.2500	  0.0078
 0.2750	  0.0078
 0.3000	  0.0078
 0.3250	  0.0078
 0.3500	  0.0078
 0.3750	  0.0078
 0.4000	  0.0078
 0.4250	  0.0052
 0.4500	  0.0026
 0.4750	  0.0000
 0.5000	 -0.0026
 0.5250	 -0.0052
 0.5500	 -0.0078
 0.5750	 -0.0104
 0.6000	 -0.0130
 0.6250	 -0.0182
 0.6500	 -0.0208
 0.6750	 -0.0208
 0.7000	 -0.0234
 0.7250	 -0.0234
 0.7500	 -0.0234
 0.7750	 -0.0208
 0.8000	 -0.0208
 0.8250	 -0.0156
 0.8500	 -0.0130
 0.8750	 -0.0078
 0.9000	 -0.0052
 0.9250	  0.0000
 0.9500	  0.0052
 0.9750	  0.0104
 1.0000	  0.0156
 1.0250	  0.0208
 1.0500	  0.0234
 1.0750	  0.0260
 1.1000	  0.0286
 1.1250	  0.0286
 1.1500	  0.0286
 1.1750	  0.0286
 1.2000	  0.0260
 1.2250	  0.0234
 1.2500	  0.0208
 1.2750	  0.0156
 1.3000	  0.0104
 1.3250	  0.0052
 1.3500	  0.0000
 1.3750	 -0.0052
 1.4000	 -0.0104
 1.4250	 -0.0156
 1.4500	 -0.0182
 1.4750	 -0.0234
 1.5000	 -0.0260
 1.5250	 -0.0286
 1.5500	 -0.0286
 1.5750	 -0.0286
 1.6000	 -0.0286
 1.6250	 -0.0260
 1.6500	 -0.0260
 1.6750	 -0.0208
 1.7000	 -0.0182
 1.7250	 -0.0130
 1.7500	 -0.0078
 1.7750	 -0.0026
 1.8000	  0.0026
 1.8250	  0.0078
 1.8500	  0.0130
 1.8750	  0.0156
 1.9000	  0.0208
 1.9250	  0.0234
 1.9500	  0.0260
 1.9750	  0.0286
 2.0000	  0.0286
 2.0250	  0.0286
 2.0500	  0.0286
 2.0750	  0.0260
 2.1000	  0.0234
 2.1250	  0.0208
 2.1500	  0.0156
 2.1750	  0.0104
 2.2000	  0.0052
 2.2250	  0.0000
 2.2500	 -0.0052
 2.2750	 -0.0104
 2.3000	 -0.0156
 2.3250	 -0.0208
 2.3500	 -0.0234
 2.3750	 -0.0260
 2.4000	 -0.0286
 2.4250	 -0.0286
 2.4500	 -0.0286
 2.4750	 -0.0286
 2.5000	 -0.0260
 2.5250	 -0.0234
 2.5500	 -0.0208
 2.5750	 -0.0156
 2.6000	 -0.0130
 2.6250	 -0.0078
 2.6500	 -0.0026
 2.6750	  0.0026
 2.7000	  0.0078
 2.7250	  0.0130
 2.7500	  0.0182
 2.7750	  0.0208
 2.8000	  0.0260
 2.8250	  0.0286
 2.8500	  0.0286
 2.8750	  0.0286
 2.9000	  0.0286
 2.9250	  0.0286
 2.9500	  0.0260
 2.9750	  0.0234
 3.0000	  0.0182
 3.0250	  0.0156
 3.0500	  0.0104
 3.0750	  0.0052
 3.1000	 -0.0000
 3.1250	 -0.0052
 3.1500	 -0.0104
 3.1750	 -0.0156
 3.2000	 -0.0208
 3.2250	 -0.0234
 3.2500	 -0.0260
 3.2750	 -0.0286
 3.3000	 -0.0286
 3.3250	 -0.0286
 3.3500	 -0.0286
 3.3750	 -0.0260
 3.4000	 -0.0234
 3.4250	 -0.0208
 3.4500	 -0.0156
 3.4750	 -0.0104
 3.5000	 -0.0052
 3.5250	 -0.0000
 3.5500	  0.0052
 3.5750	  0.0104
 3.6000	  0.0156
 3.6250	  0.0182
 3.6500	  0.0234
 3.6750	  0.0260
 3.7000	  0.0286
 3.7250	  0.0286
 3.7500	  0.0286
 3.7750	  0.0286
 3.8000	  0.0286
 3.8250	  0.0260
 3.8500	  0.0208
 3.8750	  0.0182
 3.9000	  0.0130
 3.9250	  0.0078
 3.9500	  0.0026
 3.9750	 -0.0026
 4.0000	 -0.0078
 4.0250	 -0.0130
 4.0500	 -0.0182
 4.0750	 -0.0208
 4.1000	 -0.0234
 4.1250	 -0.0260
 4.1500	 -0.0286
 4.1750	 -0.0286
 4.2000	 -0.0286
 4.2250	 -0.0286
 4.2500	 -0.0260
 4.2750	 -0.0234
 4.3000	 -0.0208
 4.3250	 -0.0156
 4.3500	 -0.0104
 4.3750	 -0.0052
 4.4000	  0.0000
 4.4250	  0.0052
 4.4500	  0.0104
 4.4750	  0.0156
 4.5000	  0.0208
 4.5250	  0.0234
 4.5500	  0.0260
 4.5750	  0.0286
 4.6000	  0.0286
 4.6250	  0.0286
 4.6500	  0.0286
 4.6750	  0.0260
 4.7000	  0.0234
 4.7250	  0.0208
 4.7500	  0.0182
 4.7750	  0.0130
 4.8000	  0.0078
 4.8250	  0.0026
 4.8500	 -0.0026
 4.8750	 -0.0078
 4.9000	 -0.0130
 4.9250	 -0.0182
 4.9500	 -0.0208
 4.9750	 -0.0260
 5.0000	 -0.0286
 5.0250	 -0.0286
 5.0500	 -0.0286
 5.0750	 -0.0286
 5.1000	 -0.0286
 5.1250	 -0.0260
 5.1500	 -0.0234
 5.1750	 -0.0182
 5.2000	 -0.0130
 5.2250	 -0.0104
 5.2500	 -0.0052
 5.2750	  0.0000
 5.3000	  0.0052
 5.3250	  0.0104
 5.3500	  0.0156
 5.3750	  0.0208
 5.4000	  0.0234
 5.4250	  0.0260
 5.4500	  0.0286
 5.4750	  0.0286
 5.5000	  0.0286
 5.5250	  0.0286
 5.5500	  0.0260
 5.5750	  0.0234
 5.6000	  0.0208
 5.6250	  0.0156
 5.6500	  0.0104
 5.6750	  0.0052
 5.7000	  0.0000
 5.7250	 -0.0052
 5.7500	 -0.0104
 5.7750	 -0.0156
 5.8000	 -0.0182
 5.8250	 -0.0234
 5.8500	 -0.0260
 5.8750	 -0.0286
 5.9000	 -0.0286
 5.9250	 -0.0286
 5.9500	 -0.0286
 5.9750	 -0.0286
 6.0000	 -0.0260
 6.0250	 -0.0208
 6.0500	 -0.0182
 6.0750	 -0.0130
 6.1000	 -0.0078
 6.1250	 -0.0026
 6.1500	  0.0026
 6.1750	  0.0078
 6.2000	  0.0130
 6.2250	  0.0182
 6.2500	  0.0208
 6.2750	  0.0234
 6.3000	  0.0260
 6.3250	  0.0286
 6.3500	  0.0286
 6.3750	  0.0286
 6.4000	  0.0286
 6.4250	  0.0260
 6.4500	  0.0234
 6.4750	  0.0208
 6.5000	  0.0156
 6.5250	  0.0104
 6.5500	  0.0052
 6.5750	  0.0000
 6.6000	 -0.0052
 6.6250	 -0.0104
 6.6500	 -0.0156
 6.6750	 -0.0182
 6.7000	 -0.0234
 6.7250	 -0.0260
 6.7500	 -0.0286
 6.7750	 -0.0286
 6.8000	 -0.0286
 6.8250	 -0.0286
 6.8500	 -0.0260
 6.8750	 -0.0234
 6.9000	 -0.0208
 6.9250	 -0.0182
 6.9500	 -0.0130
 6.9750	 -0.0078
 7.0000	 -0.0026
 7.0250	  0.0026
 7.0500	  0.0078
 7.0750	  0.0130
 7.1000	  0.0182
 7.1250	  0.0208
 7.1500	  0.0260
 7.1750	  0.0286
 7.2000	  0.0286
 7.2250	  0.0286
 7.2500	  0.0286
 7.2750	  0.0286
 7.3000	  0.0260
 7.3250	  0.0234
 7.3500	  0.0182
 7.3750	  0.0130
 7.4000	  0.0104
 7.4250	  0.0052
 7.4500	 -0.0000
 7.4750	 -0.0052
 7.5000	 -0.0104
 7.5250	 -0.0156
 7.5500	 -0.0208
 7.5750	 -0.0234
 7.6000	 -0.0260
 7.6250	 -0.0286
 7.6500	 -0.0286
 7.6750	 -0.0286
 7.7000	 -0.0286
 7.7250	 -0.0260
 7.7500	 -0.0234
 7.7750	 -0.0208
 7.8000	 -0.0156
 7.8250	 -0.0104
 7.8500	 -0.0052
 7.8750	 -0.0000
 7.9000	  0.0052
 7.9250	  0.0104
 7.9500	  0.0130
 7.9750	  0.0182
 8.0000	  0.0234
 8.0250	  0.0260
 8.0500	  0.0286
 8.0750	  0.0286
 8.1000	  0.0286
 8.1250	  0.0286
 8.1500	  0.0286
 8.1750	  0.0260
 8.2000	  0.0208
 8.2250	  0.0182
 8.2500	  0.0130
 8.2750	  0.0078
 8.3000	  0.0026
 8.3250	 -0.0026
 8.3500	 -0.0078
 8.3750	 -0.0130
 8.4000	 -0.0182
 8.4250	 -0.0208
 8.4500	 -0.0234
 8.4750	 -0.0260
 8.5000	 -0.0286
 8.5250	 -0.0286
 8.5500	 -0.0286
 8.5750	 -0.0286
 8.6000	 -0.0260
 8.6250	 -0.0234
 8.6500	 -0.0182
 8.6750	 -0.0156
 8.7000	 -0.0104
 8.7250	 -0.0052
 8.7500	  0.0000
 8.7750	  0.0052
 8.8000	  0.0104
 8.8250	  0.0156
 8.8500	  0.0182
 8.8750	  0.0234
 8.9000	  0.0260
 8.9250	  0.0286
 8.9500	  0.0286
 8.9750	  0.0286
 9.0000	  0.0286
 9.0250	  0.0260
 9.0500	  0.0234
 9.0750	  0.0208
 9.1000	  0.0182
 9.1250	  0.0130
 9.1500	  0.0078
 9.1750	  0.0026
 9.2000	 -0.0026
 9.2250	 -0.0078
 9.2500	 -0.0130
 9.2750	 -0.0182
 9.3000	 -0.0208
 9.3250	 -0.0260
 9.3500	 -0.0286
 9.3750	 -0.0286
 9.4000	 -0.0286
 9.4250	 -0.0286
 9.4500	 -0.0286
 9.4750	 -0.0260
 9.5000	 -0.0234
 9.5250	 -0.0182
 9.5500	 -0.0130
 9.5750	 -0.0078
 9.6000	 -0.0052
 9.6250	  0.0000
 9.6500	  0.0052
 9.6750	  0.0104
 9.7000	  0.0130
 9.7250	  0.0182
 9.7500	  0.0208
 9.7750	  0.0208
 9.8000	  0.0234
 9.8250	  0.0234
 9.8500	  0.0208
 9.8750	  0.0208
 9.9000	  0.0182
 9.9250	  0.0156
 9.9500	  0.0130
 9.9750	  0.0104
10.0000	  0.0052
10.0250	  0.0026
10.0500	  0.0000
10.0750	 -0.0026
10.1000	 -0.0026
10.1250	 -0.0052
10.1500	 -0.0078
10.1750	 -0.0078
10.2000	 -0.0078
10.2250	 -0.0078
10.2500	 -0.0078
10.2750	 -0.0078
10.3000	 -0.0052
10.3250	 -0.0052
10.3500	 -0.0052
10.3750	 -0.0026
10.4000	 -0.0026
10.4250	 -0.0026
10.4500	 -0.0000
10.4750	 -0.0000
10.5000	 -0.0000
10.5250	  0.0000
10.5500	  0.0000
10.5750	  0.0000
10.6000	  0.0000
10.6250	  0.0000
10.6500	  0.0000
10.6750	  0.0000
10.7000	  0.0000
10.7250	  0.0000
10.7500	  0.0000
10.7750	  0.0000
10.8000	  0.0000
10.8250	  0.0000
10.8500	  0.0000
10.8750	  0.0000
10.9000	  0.0000
10.9250	  0.0000
10.9500	  0.0000
10.9750	  0.0000
11.0000	  0.0000
11.0250	  0.0000
11.0500	  0.0000
11.0750	  0.0000
11.1000	  0.0000
11.1250	  0.0000
11.1500	  0.0000
11.1750	  0.0000
11.2000	  0.0000
11.2250	  0.0000
11.2500	  0.0000
11.2750	  0.0000
11.3000	  0.0000
11.3250	  0.0000
11.3500	  0.0000
11.3750	  0.0000
11.4000	  0.0000
11.4250	  0.0000
11.4500	  0.0000
11.4750	  0.0000
11.5000	  0.0000
11.5250	  0.0000
11.5500	  0.0000
11.5750	  0.0000
11.6000	  0.0000
11.6250	  0.0000
11.6500	  0.0000
11.6750	  0.0000
11.7000	  0.0000
11.7250	  0.0000
11.7500	  0.0000
11.7750	  0.0000
11.8000	  0.0000
11.8250	  0.0000
11.8500	  0.0000
11.8750	  0.0000
11.9000	  0.0000
11.9250	  0.0000
11.9500	  0.0000
11.9750	  0.0000
12.0000	  0.0000
12.0250	  0.0000
12.0500	  0.0000
12.0750	  0.0000
12.1000	  0.0000
12.1250	  0.0000
12.1500	  0.0000
12.1750	  0.0000
12.2000	  0.0000
12.2250	  0.0000
12.2500	  0.0000
12.2750	  0.0000
12.3000	  0.0000
12.3250	  0.0000
12.3500	  0.0000
12.3750	  0.0000
12.4000	  0.0000
12.4250	  0.0000
12.4500	  0.0000
12.4750	  0.0000
12.5000	  0.0000
12.5250	  0.0000
12.5500	  0.0000
12.5750	  0.0000
12.6000	  0.0000
12.6250	  0.0000
12.6500	  0.0000
12.6750	  0.0000
12.7000	  0.0000
12.7250	  0.0000
12.7500	  0.0000
12.7750	  0.0000
12.8000	  0.0000
12.8250	  0.0000
12.8500	  0.0000
12.8750	  0.0000
12.9000	  0.0000
12.9250	  0.0000
12.9500	  0.0000
12.9750	  0.0000
13.0000	  0.0000
13.0250	  0.0000
13.0500	  0.0000
13.0750	  0.0000
13.1000	  0.0000
13.1250	  0.0000
13.1500	  0.0000
13.1750	  0.0000
13.2000	  0.0000
13.2250	  0.0000
13.2500	  0.0000
13.2750	  0.0000
13.3000	  0.0000
13.3250	  0.0000
13.3500	  0.0000
13.3750	  0.0000
13.4000	  0.0000
13.4250	  0.0000
13.4500	  0.0000
13.4750	  0.0000
13.5000	  0.0000
13.5250	  0.0000
13.5500	  0.0000
13.5750	  0.0000
13.6000	  0.0000
13.6250	  0.0000
13.6500	  0.0000
13.6750	  0.0000
13.7000	  0.0000
13.7250	  0.0000
13.7500	  0.0000
13.7750	  0.0000
13.8000	  0.0000
13.8250	  0.0000
13.8500	  0.0000
13.8750	  0.0000
13.9000	  0.0000
13.9250	  0.0000
13.9500	  0.0000
13.9750	  0.0000
14.0000	  0.0000
14.0250	  0.0000
14.0500	  0.0000
14.0750	  0.0000
14.1000	  0.0000
14.1250	  0.0000
14.1500	  0.0000
14.1750	  0.0000
14.2000	  0.0000
14.2250	  0.0000
14.2500	  0.0000
14.2750	  0.0000
14.3000	  0.0000
14.3250	  0.0000
14.3500	  0.0000
14.3750	  0.0000
14.4000	  0.0000
14.4250	  0.0000
14.4500	  0.0000
14.4750	  0.0000
14.5000	  0.0000
14.5250	  0.0000
14.5500	  0.0000
14.5750	  0.0000
14.6000	  0.0000
14.6250	  0.0000
14.6500	  0.0000
14.6750	  0.0000
14.7000	  0.0000
14.7250	  0.0000
14.7500	  0.0000
14.7750	  0.0000
14.8000	  0.0000
14.8250	  0.0000
14.8500	  0.0000
14.8750	  0.0000
14.9000	  0.0000
14.9250	  0.0000
14.9500	  0.0000
14.9750	  0.0000
15.0000	  0.0000
15.0250	  0.0000
15.0500	  0.0000
15.0750	  0.0000
15.1000	  0.0000
15.1250	  0.0000
15.1500	  0.0000
15.1750	  0.0000
15.2000	  0.0000
15.2250	  0.0000
15.2500	  0.0000
15.2750	  0.0000
15.3000	  0.0000
15.3250	  0.0000
15.3500	  0.0000
15.3750	  0.0000
15.4000	  0.0000
15.4250	  0.0000
15.4500	  0.0000
15.4750	  0.0000
15.5000	  0.0000
15.5250	  0.0000
15.5500	  0.0000
15.5750	  0.0000
15.6000	  0.0000
